16163136
50666103
41924637
40615579
22719105
45316861
35359865
47003046
41815508
45686970
39657260
49849751
9590819
35979425
51965340
51716919
37870440
16483556
3758507
27965208
45085635
16224802
39318850
37436360
29442361
37204751
37249982
37641543
32767347
14198774
30190233
33276488
30743554
29884592
14872166
32483892
14654692
14426236
428792
14902860
30436614
47390457
13797880
9997384
9813503
37032079
15967566
28114560
15739100
13872931
32025178
46574850
27087956
33550698
4179724
21570950
12621281
14962978
14392990
29280634
15066348
51234260
29931899